0      225     0.0001    
1      234     0.000301313    
2      256     0.000233397    
3      249     0.00014223    
4      258     9.65626e-005    
5      258     0.000116554    
6      260     0.000198263    
7      273     8.18705e-005    
8      277     7.3259e-005    
9      266     4.69395e-005    
10      267     9.06924e-005    
11      260     8.29125e-005    
12      252     1.76478e-005    
13      245     1.96265e-005    
14      234     1.21315e-005    
15      228     1.87464e-005    
16      223     0.000103009    
17      227     4.5066e-005    
18      234     0.000260614    
19      227     1.5911e-005    
20      214     1.88821e-005    
21      218     0.000133543    
22      223     9.02518e-005    
23      226     0.000121523    
24      215     2.94465e-005    
25      200     2.03024e-005    
26      192     3.27168e-005    
27      191     6.11364e-005    
28      184     3.24267e-005    
29      186     4.09381e-005    
30      182     6.34495e-005    
31      182     6.55665e-005    
32      192     4.26245e-005    
33      184     9.80666e-005    
34      187     9.26478e-005    
35      193     0.000137457    
36      211     0.000266673    
37      215     7.07607e-005    
38      212     5.59739e-005    
39      204     8.10832e-005    
40      198     2.54555e-005    
41      205     0.000162067    
42      198     5.83223e-005    
43      192     7.09412e-005    
44      196     0.000109363    
45      193     3.36284e-005    
46      187     9.04162e-005    
47      186     0.0002033    
48      198     0.000293575    
49      223     0.000229055    
50      234     9.86012e-005    
51      240     0.000135806    
52      238     6.66242e-005    
53      230     4.46694e-005    
54      232     6.904e-005    
55      222     0.000149075    
56      228     0.000140752    
57      221     0.00013    
58      215     0.000104031    
59      221     0.000146418    
60      219     1.93361e-005    
61      208     6.94558e-005    
62      196     5.31983e-005    
63      186     8.68104e-005    
64      192     8.20852e-005    
65      197     0.000178284    
66      196     8.30997e-005    
67      196     2.94747e-005    
68      188     5.51184e-006    
69      184     4.39255e-005    
70      171     1.64299e-005    
71      167     1.28736e-005    
72      160     0.000154876    
73      186     0.000544576    
74      256     0.000587499    
75      268     0.00017738    
76      268     7.03667e-005    
77      262     7.60339e-005    
78      265     8.8968e-005    
79      266     0.000122182    
80      268     0.000110663    
81      269     9.99893e-005    
82      273     0.000146022    
83      275     6.20168e-005    
84      264     3.72191e-005    
85      262     0.000106641    
86      269     0.000128202    
87      275     0.000310226    
88      275     4.83546e-005    
89      268     2.44439e-005    
90      255     3.22881e-005    
91      247     5.52127e-005    
92      237     2.55949e-005    
93      241     6.92818e-005    
94      241     9.87807e-005    
95      254     7.52957e-005    
96      244     0.000119841    
97      239     1.47982e-005    
98      237     4.15424e-005    
99      232     8.90534e-005    
100      232     4.85707e-005    
101      224     6.11258e-005    
102      227     9.55872e-005    
103      224     6.20959e-005    
104      231     0.000110876    
105      231     6.39408e-005    
106      233     0.000253228    
107      229     4.90909e-005    
108      221     3.75125e-005    
109      228     8.95775e-005    
110      239     3.76164e-005    
111      238     0.000164559    
112      246     7.15716e-005    
113      228     4.1732e-005    
114      226     6.61582e-005    
115      220     5.74257e-005    
116      216     3.07206e-005    
117      214     8.3983e-005    
118      217     4.68618e-005    
119      202     2.38889e-005    
120      197     6.4689e-005    
121      195     3.93169e-005    
122      192     4.51465e-005    
123      191     3.3713e-005    
124      183     2.62252e-005    
125      171     4.57223e-005    
126      169     3.66011e-005    
127      167     2.43801e-005    
128      164     3.08242e-005    
129      158     2.12532e-005    
130      154     1.58043e-005    
131      142     5.12835e-005    
132      143     4.37559e-005    
133      146     0.000163635    
134      158     0.000108463    
135      157     0.000179801    
136      174     0.000333891    
137      201     0.000181298    
138      216     0.000148681    
139      232     0.000158077    
140      246     0.000226614    
141      244     9.91878e-005    
142      244     8.12137e-005    
143      239     6.44681e-005    
144      246     0.000172923    
145      245     0.000117161    
146      238     9.07652e-005    
147      236     0.000113953    
148      235     7.20446e-005    
149      225     4.01829e-005    
150      219     4.27384e-005    
151      212     0.000123211    
152      211     3.9769e-005    
153      207     2.15692e-005    
154      207     5.1908e-005    
155      199     8.3412e-005    
156      190     8.15561e-005    
157      205     7.35363e-005    
158      211     5.13629e-005    
159      220     0.000125943    
160      226     9.62121e-005    
161      228     5.86031e-005    
162      224     6.05242e-005    
163      221     6.06931e-005    
164      223     8.62956e-005    
165      223     8.37501e-005    
166      223     0.000103297    
167      218     7.27392e-005    
168      207     0.000128867    
169      228     0.000464281    
170      241     0.000175304    
171      244     5.4498e-005    
172      242     9.9203e-005    
173      245     0.000136456    
174      244     8.41539e-005    
175      237     2.39334e-005    
176      231     3.80456e-005    
177      230     5.22497e-005    
178      222     4.15566e-005    
179      215     4.31896e-005    
180      210     7.70342e-005    
181      218     0.000162715    
182      218     0.000133731    
183      220     3.99571e-005    
184      210     6.18041e-005    
185      203     1.18363e-005    
186      198     4.18107e-005    
187      209     7.58365e-005    
188      210     4.05545e-005    
189      203     6.96796e-005    
190      193     7.54701e-005    
191      200     0.000282752    
192      222     9.84496e-005    
193      220     5.39346e-005    
194      212     3.51105e-005    
195      216     8.25427e-005    
196      203     4.57201e-005    
197      214     0.00030465    
198      230     8.57681e-005    
199      222     2.32022e-005    
200      205     4.13727e-005    
201      202     5.42526e-005    
202      196     3.06106e-005    
203      188     3.90225e-005    
204      178     5.68124e-005    
205      176     0.000135892    
206      185     0.000301906    
207      193     5.42023e-005    
208      192     5.73932e-005    
209      195     6.77348e-005    
210      187     2.15046e-005    
211      187     1.7876e-005    
212      185     5.34816e-005    
213      184     4.58133e-005    
214      183     9.55611e-005    
215      192     0.000397584    
216      199     7.91833e-005    
217      199     0.000135772    
218      205     5.77414e-005    
219      197     0.000127209    
220      198     5.46189e-005    
221      191     5.51208e-005    
222      187     2.34613e-005    
223      178     5.25548e-005    
224      179     2.33289e-005    
225      176     7.99265e-005    
226      178     0.000182196    
227      191     0.000295802    
228      213     0.000133484    
229      223     9.65974e-005    
230      226     7.03149e-005    
231      225     2.24219e-005    
232      219     4.13986e-005    
233      214     5.03183e-005    
234      212     0.000101435    
235      219     7.55846e-005    
236      217     4.36747e-005    
237      218     0.000301737    
238      238     0.000302213    
239      265     0.000123247    
240      262     5.92812e-005    
241      252     9.05367e-005    
242      238     6.61261e-005    
243      237     8.98991e-005    
244      237     0.000269069    
245      238     0.000153847    
246      242     0.000102463    
247      244     3.31031e-005    
248      235     5.53649e-005    
249      224     2.63247e-005    
250      224     7.99306e-005    
251      221     0.000112722    
252      223     5.28383e-005    
253      224     5.98303e-005    
254      217     3.29834e-005    
255      212     4.81357e-005    
256      212     1.93648e-005    
257      206     3.37895e-005    
258      197     0.000114432    
259      191     7.77734e-005    
260      179     9.12336e-005    
261      176     6.52604e-005    
262      188     0.000473602    
263      212     0.000156132    
264      216     3.80665e-005    
265      217     6.95014e-005    
266      218     0.000170196    
267      220     0.000349903    
268      249     0.000326289    
269      261     0.000160193    
270      282     0.000236758    
271      273     0.000191657    
272      275     6.05594e-005    
273      265     7.22791e-005    
274      264     0.00012773    
275      260     5.48272e-005    
276      240     2.50395e-005    
277      233     4.80924e-005    
278      244     0.000138593    
279      250     0.000365367    
280      264     6.21907e-005    
281      263     3.9548e-005    
282      268     0.000161124    
283      283     0.000135126    
284      269     0.000145788    
285      270     8.76228e-005    
286      286     0.000184633    
287      281     3.75993e-005    
288      276     5.07339e-005    
289      276     4.33113e-005    
290      266     0.000131539    
291      261     0.00010667    
292      267     0.000303608    
293      270     0.000149358    
294      267     3.98349e-005    
295      254     2.32772e-005    
296      243     4.70362e-005    
297      235     0.000101413    
298      237     9.32757e-005    
299      230     8.95619e-005    
