0      225     0.0001    
1      226     0.000105317    
2      240     9.27118e-005    
3      243     0.000164297    
4      242     7.37658e-005    
5      243     7.45182e-005    
6      241     7.39723e-005    
7      244     0.000127598    
8      248     6.95518e-005    
9      245     7.99725e-005    
10      237     6.00851e-005    
11      228     4.80028e-005    
12      218     5.64881e-005    
13      207     9.70494e-005    
14      213     0.000107691    
15      204     2.25551e-005    
16      198     3.01128e-005    
17      186     6.5209e-006    
18      177     2.35958e-006    
19      170     3.78633e-006    
20      164     1.77203e-006    
21      157     1.22326e-006    
22      153     2.3414e-006    
23      144     1.21728e-006    
24      133     9.45989e-007    
25      130     7.92921e-007    
26      121     7.87821e-007    
27      119     1.67619e-007    
28      107     3.11593e-008    
29      101     3.92519e-008    
30      91     5.57503e-008    
31      87     7.23828e-008    
32      82     8.55259e-008    
33      80     2.34115e-007    
34      76     6.93861e-008    
35      69     4.36685e-008    
36      64     4.69501e-008    
37      61     1.12178e-007    
38      56     2.18134e-008    
39      51     6.99152e-009    
40      48     4.72879e-009    
41      44     5.1437e-009    
42      41     3.06842e-009    
43      41     3.07187e-008    
44      38     1.7594e-007    
45      36     9.69798e-008    
46      35     5.40206e-007    
47      34     5.11885e-007    
48      34     1.88732e-007    
49      32     1.75916e-006    
50      29     1.22468e-006    
51      27     3.63927e-007    
52      25     2.96882e-007    
53      23     1.35912e-006    
54      23     1.34135e-006    
55      23     1.30738e-006    
56      23     1.52187e-006    
57      23     9.66677e-007    
58      20     5.23218e-007    
59      18     2.76767e-006    
60      17     2.16862e-006    
61      18     6.6955e-006    
62      17     8.22982e-006    
63      15     4.57076e-006    
64      16     8.43311e-006    
65      16     8.66256e-006    
66      17     6.58041e-006    
67      15     5.57534e-006    
68      14     6.27885e-006    
69      14     6.71405e-006    
70      15     2.63658e-006    
71      14     2.04527e-006    
72      14     1.29567e-006    
73      14     5.04472e-007    
74      13     8.48401e-007    
75      12     5.14363e-006    
76      13     8.37805e-006    
77      13     2.0469e-006    
78      12     6.54526e-006    
79      16     2.00309e-005    
80      22     5.91038e-005    
81      28     0.000222993    
82      41     0.000269253    
83      55     0.000103447    
84      73     6.1163e-005    
85      76     0.000126661    
86      88     0.000141911    
87      92     0.000151795    
88      99     4.92229e-005    
89      98     1.03689e-005    
90      93     8.11458e-006    
91      87     6.35077e-006    
92      85     2.19327e-006    
93      76     4.0252e-006    
94      75     2.04693e-005    
95      73     3.61077e-006    
96      71     1.28096e-005    
97      71     9.44507e-006    
98      65     8.2377e-006    
99      63     5.3614e-006    
100      59     3.0304e-006    
101      55     1.33591e-005    
102      56     1.58771e-005    
103      54     1.33438e-005    
104      54     7.82941e-005    
105      56     2.43169e-005    
106      54     2.1757e-005    
107      54     1.59312e-005    
108      56     2.37996e-005    
109      54     4.30502e-006    
110      52     1.09003e-006    
111      50     3.79508e-006    
112      48     1.58284e-005    
113      48     9.16006e-006    
114      49     2.51442e-005    
115      49     1.65769e-005    
116      47     1.98992e-006    
117      43     2.98896e-006    
118      43     9.04427e-006    
119      42     2.81562e-005    
120      51     4.34763e-005    
121      54     2.87494e-005    
122      62     4.04681e-005    
123      62     6.87955e-005    
124      69     2.92919e-005    
125      71     2.87288e-005    
126      68     1.08422e-005    
127      65     5.17262e-006    
128      62     1.21988e-005    
129      61     2.39758e-005    
130      57     3.3679e-005    
131      58     6.61251e-005    
132      59     3.20696e-005    
133      61     4.94135e-005    
134      68     3.98851e-005    
135      71     4.21128e-005    
136      78     1.53174e-005    
137      74     1.16449e-006    
138      71     2.04456e-006    
139      64     9.41909e-007    
140      58     1.09008e-006    
141      56     1.15656e-007    
142      52     1.89853e-007    
143      49     3.14684e-007    
144      47     3.72864e-007    
145      45     7.4297e-007    
146      44     2.45574e-006    
147      44     1.15766e-006    
148      40     1.17202e-006    
149      39     5.29015e-006    
150      40     1.42248e-005    
151      39     5.8923e-006    
152      37     2.19267e-005    
153      35     8.25185e-006    
154      33     1.6639e-006    
155      31     7.63824e-006    
156      36     2.76698e-005    
157      40     4.36903e-005    
158      40     5.52873e-005    
159      39     2.66869e-005    
160      42     4.93985e-005    
161      54     0.000100166    
162      94     0.000787317    
163      156     0.000505192    
164      192     0.000432001    
165      220     0.000102282    
166      226     8.4489e-005    
167      215     3.28264e-005    
168      212     5.73841e-005    
169      212     1.96096e-005    
170      212     5.78307e-005    
171      205     4.21268e-005    
172      197     6.40171e-005    
173      182     1.96529e-005    
174      178     4.34406e-005    
175      177     4.8949e-005    
176      176     2.9836e-005    
177      175     0.000138174    
178      194     0.000128004    
179      194     3.21526e-005    
180      194     2.37812e-005    
181      187     2.66811e-005    
182      181     2.78507e-005    
183      177     1.51677e-005    
184      175     1.01474e-005    
185      169     1.66834e-005    
186      168     4.76303e-005    
187      161     6.39608e-005    
188      151     3.44366e-005    
189      141     8.8076e-006    
190      134     2.56104e-005    
191      132     2.18085e-005    
192      128     2.82884e-005    
193      126     2.5671e-005    
194      125     1.17833e-005    
195      121     6.1074e-006    
196      119     2.89634e-005    
197      120     4.15201e-005    
198      118     3.34952e-005    
199      110     7.42869e-006    
200      101     2.16374e-006    
201      93     1.41937e-006    
202      87     2.76059e-006    
203      83     1.87952e-006    
204      80     8.25612e-007    
205      73     2.96252e-006    
206      66     2.82041e-006    
207      63     3.11114e-006    
208      59     1.19582e-005    
209      55     3.2947e-006    
210      52     3.62057e-006    
211      52     4.00571e-006    
212      51     7.69395e-006    
213      49     7.41459e-006    
214      46     7.18041e-007    
215      45     1.60339e-006    
216      44     5.02435e-007    
217      43     6.20895e-007    
218      42     6.36902e-007    
219      40     1.18796e-007    
220      38     7.83678e-007    
221      37     1.70337e-007    
222      36     1.63445e-007    
223      33     8.01047e-007    
224      32     1.74676e-007    
225      30     1.18294e-007    
226      30     3.27296e-007    
227      29     2.03419e-007    
228      26     4.99833e-007    
229      23     1.26256e-006    
230      20     3.81589e-006    
231      17     5.80312e-006    
232      18     3.12487e-006    
233      17     3.82755e-007    
234      17     3.29565e-007    
235      16     1.41049e-007    
236      15     6.40269e-008    
237      15     1.91475e-007    
238      14     2.70051e-007    
239      12     2.52801e-007    
240      12     2.66683e-007    
241      11     3.67277e-007    
242      10     1.83623e-006    
243      10     2.56728e-006    
244      10     5.66846e-007    
245      9     7.36703e-007    
246      9     4.25326e-007    
247      8     2.51357e-007    
248      8     4.78437e-007    
249      7     2.85397e-007    
250      7     1.3331e-006    
251      7     7.91012e-007    
252      8     1.18786e-006    
253      7     1.1606e-006    
254      7     1.9216e-006    
255      7     5.57558e-006    
256      7     1.20104e-006    
257      7     1.38522e-006    
258      6     1.37677e-006    
259      8     1.59196e-005    
260      8     1.09304e-005    
261      12     8.37216e-006    
262      11     7.11661e-007    
263      10     8.11293e-007    
264      10     1.5028e-006    
265      10     9.69683e-007    
266      10     1.49295e-006    
267      10     4.49034e-007    
268      10     1.43171e-007    
269      9     1.77236e-007    
270      9     2.55073e-007    
271      8     1.14589e-007    
272      8     9.73505e-008    
273      8     1.27306e-007    
274      7     7.41613e-009    
275      7     2.87838e-009    
276      6     7.05083e-009    
277      4     6.88637e-008    
278      3     2.64761e-008    
279      3     4.31065e-008    
280      3     1.69885e-007    
281      3     1.99086e-006    
282      3     1.96745e-005    
283      6     1.35858e-005    
284      8     1.239e-005    
285      9     5.3496e-006    
286      9     7.09372e-006    
287      14     9.06941e-006    
288      13     8.20799e-006    
289      13     3.21793e-006    
290      13     5.40229e-006    
291      13     1.65725e-006    
292      11     1.75249e-006    
293      11     4.24334e-006    
294      11     6.08821e-006    
295      13     1.89068e-005    
296      15     1.81663e-005    
297      14     4.06875e-006    
298      14     1.03997e-005    
299      15     1.25995e-005    
