0      225     0.0001    
1      228     9.32122e-005    
2      233     9.18378e-005    
3      241     0.000106855    
4      242     9.94763e-005    
5      244     0.000109187    
6      242     9.59615e-005    
7      244     9.63863e-005    
8      255     9.96338e-005    
9      257     0.000103073    
10      259     0.000101621    
11      254     9.9575e-005    
12      251     0.000105991    
13      257     0.00010243    
14      255     9.62127e-005    
15      257     0.000100723    
16      249     0.000100535    
17      244     0.000109996    
18      240     9.654e-005    
19      241     9.21913e-005    
20      240     9.38298e-005    
21      242     9.16152e-005    
22      242     9.62252e-005    
23      242     0.000100938    
24      239     9.38686e-005    
25      237     9.70259e-005    
26      239     0.000105228    
27      234     9.46688e-005    
28      240     9.4407e-005    
29      236     9.70232e-005    
30      232     8.91512e-005    
31      231     9.84418e-005    
32      232     0.000100507    
33      231     9.16365e-005    
34      230     9.25439e-005    
35      228     9.53998e-005    
36      233     9.35433e-005    
37      230     9.68187e-005    
38      230     0.000100141    
39      226     0.000107565    
40      221     0.000115097    
41      222     0.000110528    
42      216     0.00010888    
43      214     9.901e-005    
44      210     9.51056e-005    
45      212     0.000100599    
46      213     0.000106532    
47      209     9.80654e-005    
48      207     0.00010904    
49      206     0.000100634    
50      205     9.34654e-005    
51      214     0.000101505    
52      214     9.74886e-005    
53      217     0.000106359    
54      221     0.000115043    
55      224     0.000104065    
56      228     9.75878e-005    
57      227     0.000100052    
58      227     0.000104558    
59      231     9.63987e-005    
60      232     0.000104119    
61      230     9.87447e-005    
62      229     9.21288e-005    
63      233     8.57408e-005    
64      234     9.86912e-005    
65      240     8.21646e-005    
66      237     9.22745e-005    
67      244     9.79216e-005    
68      247     0.000104158    
69      240     0.000112333    
70      245     0.000105729    
71      246     0.000100651    
72      246     9.25763e-005    
73      251     0.000101664    
74      249     0.000107198    
75      250     9.14254e-005    
76      248     8.99951e-005    
77      256     9.21712e-005    
78      254     9.63874e-005    
79      256     0.00010998    
80      261     0.000107295    
81      266     0.000107285    
82      261     9.35098e-005    
83      260     9.30444e-005    
84      251     8.96923e-005    
85      251     8.82631e-005    
86      254     9.46353e-005    
87      243     9.3367e-005    
88      235     9.35584e-005    
89      235     0.000100988    
90      237     0.000107737    
91      233     0.000109132    
92      238     0.000105461    
93      243     0.000117492    
94      236     9.05069e-005    
95      240     9.72324e-005    
96      238     9.55337e-005    
97      242     0.000107703    
98      240     9.93164e-005    
99      242     9.60114e-005    
100      241     9.47471e-005    
101      243     0.000103378    
102      239     9.18076e-005    
103      234     9.08443e-005    
104      238     0.000106952    
105      238     0.000101782    
106      239     0.000106514    
107      230     0.000113286    
108      223     0.000101113    
109      223     9.26239e-005    
110      224     0.000108435    
111      226     9.05545e-005    
112      227     0.000101744    
113      228     9.08692e-005    
114      219     9.73028e-005    
115      217     9.44999e-005    
116      218     0.000107078    
117      220     9.41039e-005    
118      220     9.9845e-005    
119      229     9.75608e-005    
120      233     9.00693e-005    
121      240     8.6063e-005    
122      241     9.26897e-005    
123      233     0.000105993    
124      238     9.36947e-005    
125      239     9.66143e-005    
126      240     0.00010992    
127      242     0.000105477    
128      238     0.000101279    
129      243     0.000100282    
130      236     9.16584e-005    
131      236     9.91794e-005    
132      237     9.50094e-005    
133      229     9.36152e-005    
134      233     0.000103592    
135      236     8.86209e-005    
136      241     9.36092e-005    
137      248     9.59865e-005    
138      251     9.8777e-005    
139      250     9.70547e-005    
140      238     0.000103368    
141      229     0.000105576    
142      234     9.13337e-005    
143      229     8.82652e-005    
144      218     8.2178e-005    
145      219     9.41324e-005    
146      227     8.34104e-005    
147      221     9.83343e-005    
148      223     0.000104069    
149      215     0.000104737    
150      217     0.000100802    
151      221     9.51972e-005    
152      226     9.72698e-005    
153      229     9.67326e-005    
154      229     9.6483e-005    
155      220     9.51343e-005    
156      216     0.000107176    
157      213     0.000101118    
158      219     0.000102045    
159      212     8.93856e-005    
160      208     9.95167e-005    
161      206     0.000104695    
162      202     0.000109785    
163      203     9.50405e-005    
164      202     9.82978e-005    
165      192     8.71228e-005    
166      191     0.000106842    
167      197     0.00010413    
168      203     9.68254e-005    
169      200     9.80852e-005    
170      196     0.000101938    
171      202     9.54197e-005    
172      212     0.000105484    
173      210     9.74651e-005    
174      210     9.00202e-005    
175      210     0.000101806    
176      210     0.000100599    
177      203     8.71695e-005    
178      206     8.72183e-005    
179      204     0.000103684    
180      196     9.79734e-005    
181      196     9.50163e-005    
182      201     0.000102213    
183      203     9.81481e-005    
184      207     9.41166e-005    
185      210     9.41294e-005    
186      210     9.29868e-005    
187      209     0.00010353    
188      206     0.000106815    
189      200     0.000115061    
190      204     0.000116411    
191      211     9.81863e-005    
192      212     0.00011215    
193      211     0.000119342    
194      210     9.68053e-005    
195      206     9.35447e-005    
196      215     9.79088e-005    
197      211     9.38465e-005    
198      213     9.36279e-005    
199      222     9.38757e-005    
200      225     0.000104762    
201      229     9.29033e-005    
202      221     0.000100233    
203      225     9.7837e-005    
204      233     9.23993e-005    
205      234     8.79244e-005    
206      234     9.04407e-005    
207      233     0.000100188    
208      237     0.000107493    
209      236     0.000105972    
210      234     0.000105641    
211      233     0.000100992    
212      238     0.000108569    
213      221     0.000104433    
214      216     0.000106252    
215      216     9.35359e-005    
216      221     0.000114945    
217      227     0.000112148    
218      225     0.00011604    
219      229     9.38149e-005    
220      226     0.000105147    
221      225     0.000102734    
222      215     0.00010417    
223      212     0.000110405    
224      211     0.000101879    
225      215     9.83021e-005    
226      214     9.91643e-005    
227      210     0.000104052    
228      205     0.000109051    
229      207     0.000104209    
230      209     0.000100183    
231      206     0.000104086    
232      208     9.63645e-005    
233      216     8.88836e-005    
234      213     9.53439e-005    
235      209     0.000100751    
236      203     0.000104128    
237      210     9.44068e-005    
238      204     9.07083e-005    
239      207     0.000100775    
240      208     9.50609e-005    
241      206     0.000100837    
242      210     8.50256e-005    
243      211     0.000110557    
244      205     9.03737e-005    
245      207     8.60455e-005    
246      209     9.77951e-005    
247      211     9.91374e-005    
248      201     0.000103113    
249      202     0.000103044    
250      202     0.000101794    
251      196     0.000114595    
252      204     0.000110316    
253      208     0.000104639    
254      206     9.63229e-005    
255      209     9.56542e-005    
256      211     0.000105559    
257      211     0.000100121    
258      209     9.36241e-005    
259      205     0.00010089    
260      205     0.000110147    
261      209     0.000106474    
262      215     0.000100677    
263      204     9.91509e-005    
264      201     8.79331e-005    
265      201     9.63422e-005    
266      196     0.000106252    
267      199     0.000103125    
268      196     0.000103178    
269      194     9.8759e-005    
270      197     0.000104104    
271      194     9.66963e-005    
272      185     9.06376e-005    
273      189     0.000100204    
274      191     9.79769e-005    
275      190     0.000100247    
276      189     0.000100264    
277      194     0.000105844    
278      189     9.21471e-005    
279      186     9.83679e-005    
280      190     9.47156e-005    
281      191     0.000101482    
282      187     0.000101581    
283      180     9.0709e-005    
284      187     9.58902e-005    
285      194     0.000101725    
286      197     0.000108142    
287      204     0.000111307    
288      204     0.000105958    
289      213     0.000107355    
290      213     0.000105461    
291      206     0.000106436    
292      210     9.78983e-005    
293      217     9.30154e-005    
294      225     9.08857e-005    
295      216     9.9598e-005    
296      212     9.30149e-005    
297      212     9.22367e-005    
298      224     9.66363e-005    
299      220     9.90694e-005    
