0      225     0.0001    
1      227     0.000157878    
2      225     1.22423e-005    
3      220     2.61849e-007    
4      205     1.66792e-006    
5      197     1.57673e-005    
6      196     7.27172e-006    
7      188     8.83817e-005    
8      198     0.000275121    
9      591     0.000977309    
10      592     0.000152298    
11      569     0.00010363    
12      541     4.24492e-006    
13      508     2.43013e-006    
14      482     4.703e-005    
15      456     1.12622e-005    
16      488     0.00149424    
17      609     0.000527478    
18      624     2.25166e-005    
19      590     7.19537e-006    
20      575     0.000210524    
21      575     1.32741e-005    
22      541     8.98333e-005    
23      521     5.02784e-006    
24      491     3.99235e-005    
25      472     6.91398e-006    
26      456     4.47609e-005    
27      500     0.00295342    
28      574     0.000995945    
29      655     4.91786e-005    
30      625     4.43186e-005    
31      597     4.95904e-006    
32      585     0.00034596    
33      566     1.64158e-005    
34      547     9.46761e-005    
35      514     1.053e-005    
36      496     6.00972e-005    
37      540     0.000335037    
38      509     2.21254e-005    
39      494     1.83476e-006    
40      463     1.53415e-005    
41      510     0.00117081    
42      501     8.50922e-006    
43      484     1.00581e-005    
44      482     0.000112946    
45      475     6.102e-005    
46      531     0.000304914    
47      610     4.21097e-005    
48      578     2.98478e-006    
