0      225     0.0001    
1      262     0.000157408    
2      293     0.000165704    
3      299     0.000100414    
4      290     9.58528e-005    
5      268     1.92446e-005    
6      233     4.79299e-005    
7      218     6.58521e-005    
8      223     0.000164817    
9      270     0.000334434    
10      289     4.30628e-005    
11      270     9.59935e-005    
12      274     0.000101216    
13      265     5.37126e-005    
14      246     5.22303e-005    
15      254     0.000405672    
16      281     9.42016e-005    
17      280     0.000111497    
18      314     0.000195339    
19      315     0.00014176    
20      320     0.000158182    
21      305     0.000127882    
22      318     0.000182355    
23      310     0.000164068    
24      303     5.61264e-005    
25      285     5.77999e-005    
26      265     4.86503e-005    
27      259     0.000140469    
28      263     0.00030062    
29      270     3.43969e-005    
30      277     0.000193726    
31      271     0.00015301    
32      258     5.36244e-005    
33      246     4.74327e-005    
34      244     6.23518e-005    
35      231     4.84931e-005    
36      226     0.000175393    
37      232     9.57245e-005    
38      226     0.000121296    
39      221     3.66326e-005    
40      214     0.000173638    
41      241     5.96242e-005    
42      218     3.65219e-005    
43      210     0.000170333    
44      209     0.000100002    
45      208     0.000243197    
46      215     0.000112443    
47      216     3.72913e-005    
48      208     5.40795e-005    
49      211     3.64307e-005    
50      202     8.27609e-005    
51      206     0.000166947    
52      212     0.000152298    
53      221     9.50801e-005    
54      224     5.02943e-005    
55      210     9.85354e-005    
56      220     0.000133892    
57      225     0.000105267    
58      235     0.000288889    
59      252     0.000102715    
60      256     0.000189544    
61      254     5.34694e-005    
62      235     5.57941e-005    
63      235     7.63198e-005    
64      220     9.96692e-005    
65      203     4.62067e-005    
66      191     4.14477e-005    
67      183     4.38886e-005    
68      181     7.95589e-005    
69      193     0.000192067    
70      210     0.000143084    
71      229     0.00011619    
72      256     0.000151242    
73      274     0.000192209    
74      324     0.000599902    
75      390     0.000165528    
76      394     0.000105977    
77      362     5.79126e-005    
78      346     0.00012678    
79      392     0.000286157    
80      417     0.000227836    
81      406     0.000134709    
82      403     0.000113149    
83      384     4.99761e-005    
84      376     8.72406e-005    
85      346     2.85881e-005    
86      316     7.21131e-005    
87      309     0.000134215    
88      310     0.000181537    
89      311     9.24668e-005    
90      308     0.000120148    
91      297     3.69346e-005    
92      287     8.48726e-005    
93      297     0.000146145    
94      291     2.12592e-005    
95      269     8.25629e-005    
96      257     8.76402e-005    
97      253     7.06801e-005    
98      243     4.44588e-005    
99      224     7.11985e-005    
100      210     0.000101358    
101      207     7.2645e-005    
102      193     5.45055e-005    
103      203     7.73121e-005    
104      214     0.000114036    
105      206     7.03226e-005    
106      209     7.42555e-005    
107      208     7.51967e-005    
108      214     7.23484e-005    
109      224     0.00011739    
110      222     5.86055e-005    
111      242     0.000212388    
112      242     0.000142989    
113      235     6.90293e-005    
114      235     3.90343e-005    
115      243     7.89106e-005    
116      252     6.34475e-005    
117      246     0.000184912    
118      252     9.4737e-005    
119      250     0.000122492    
120      242     5.13514e-005    
121      226     2.25112e-005    
122      209     4.08243e-005    
123      201     4.60981e-005    
124      198     9.38862e-005    
125      180     3.39047e-005    
126      178     0.000100634    
127      187     6.5014e-005    
128      216     0.000172948    
129      208     4.78996e-005    
130      200     4.02487e-005    
131      197     0.000159494    
132      198     6.33799e-005    
133      191     4.32368e-005    
134      184     4.59526e-005    
135      176     0.000109281    
136      181     0.000162384    
137      196     7.26908e-005    
138      198     7.2301e-005    
139      200     7.93383e-005    
140      190     5.59858e-005    
141      186     7.85842e-005    
142      182     6.72039e-005    
143      194     0.000374753    
144      211     0.000179348    
145      242     9.70656e-005    
146      241     4.30471e-005    
147      240     9.48654e-005    
148      248     0.000103071    
149      246     4.06348e-005    
150      241     7.217e-005    
151      251     7.44666e-005    
152      233     6.06546e-005    
153      226     3.61337e-005    
154      222     5.54453e-005    
155      233     0.000141155    
156      245     0.000123069    
157      244     0.000123419    
158      248     7.67277e-005    
159      240     7.40913e-005    
160      239     0.000253227    
161      230     0.000101262    
162      229     0.000199894    
163      271     0.000155886    
164      288     0.000231017    
165      297     9.01651e-005    
166      291     5.01966e-005    
167      275     8.26614e-005    
168      267     8.00828e-005    
169      257     4.79451e-005    
170      253     0.000138887    
171      247     0.000150409    
172      254     0.000154751    
173      246     3.76772e-005    
174      228     4.77436e-005    
175      234     0.000201894    
176      245     0.000111325    
177      237     8.02071e-005    
178      234     0.000144911    
179      241     0.000213189    
180      243     3.25804e-005    
181      228     8.87766e-005    
182      222     4.85144e-005    
183      208     5.68528e-005    
184      198     2.81187e-005    
185      181     7.15118e-005    
186      178     6.9175e-005    
187      199     0.000230344    
188      211     9.30287e-005    
189      202     2.71533e-005    
190      190     0.00010752    
191      191     5.58905e-005    
192      177     2.00153e-005    
193      160     4.48417e-005    
194      154     0.000113548    
195      160     5.76055e-005    
196      149     7.59382e-005    
197      155     0.000138485    
198      165     9.5878e-005    
199      169     4.87113e-005    
200      164     4.50609e-005    
201      160     3.98219e-005    
202      153     9.75756e-005    
203      147     4.65182e-005    
204      161     5.20153e-005    
205      160     3.34317e-005    
206      158     0.000125019    
207      161     0.000109159    
208      160     8.6335e-005    
209      153     1.47813e-005    
210      140     9.59068e-005    
211      139     5.87009e-005    
212      133     0.000143656    
213      133     0.000113573    
214      157     0.000141087    
215      171     7.62512e-005    
216      183     6.56122e-005    
217      171     1.2382e-005    
218      165     7.38107e-005    
219      152     5.52859e-005    
220      152     6.45934e-005    
221      164     0.00010395    
222      179     6.48304e-005    
223      187     4.78121e-005    
224      175     2.83006e-005    
225      170     0.000105714    
226      216     0.000535922    
227      278     0.000100566    
228      268     9.75955e-005    
229      257     8.36047e-005    
230      250     5.84145e-005    
231      242     6.85825e-005    
232      229     0.000132079    
233      223     0.000146519    
234      230     0.000307132    
235      257     9.14672e-005    
236      246     9.63929e-005    
237      241     8.87622e-005    
238      228     0.000148252    
239      231     4.80449e-005    
240      229     9.6734e-005    
241      221     4.18088e-005    
242      205     5.19042e-005    
243      212     8.92958e-005    
244      217     9.85695e-005    
245      225     0.000145591    
246      233     0.000124782    
247      218     0.000131402    
248      214     5.8377e-005    
249      199     4.00013e-005    
250      186     6.34128e-005    
251      175     6.44244e-005    
252      187     0.000291249    
253      233     7.16511e-005    
254      232     7.5895e-005    
255      228     6.95328e-005    
256      212     5.36281e-005    
257      205     0.000111324    
258      198     0.000155792    
259      237     0.000253338    
260      253     8.23274e-005    
261      298     0.000388834    
262      305     0.00011357    
263      310     0.000142886    
264      303     6.11401e-005    
265      303     0.000113423    
266      317     7.68148e-005    
267      307     0.000111932    
268      307     0.000121215    
269      314     0.000104517    
270      295     5.01909e-005    
271      292     0.00011281    
272      293     0.000159592    
273      298     0.000103862    
274      290     5.81967e-005    
275      264     5.00057e-005    
276      262     0.000256861    
277      268     0.000202255    
278      276     0.000131769    
279      291     8.98274e-005    
280      288     0.00011819    
281      303     0.000237447    
282      313     0.000125321    
283      321     0.000103072    
284      308     7.06093e-005    
285      291     4.34421e-005    
286      266     8.72632e-005    
287      254     2.18858e-005    
288      245     5.16793e-005    
289      261     0.000174986    
290      293     0.000223277    
291      330     0.000122101    
292      317     8.45813e-005    
293      308     4.86563e-005    
294      292     0.000151822    
295      304     0.000166454    
296      293     6.68691e-005    
297      269     5.88218e-005    
298      270     0.000101527    
299      265     6.71462e-005    
