0      225     0.0001    
1      224     8.18139e-005    
2      215     7.58667e-005    
3      217     0.000128002    
4      221     0.000121432    
5      226     7.22342e-005    
6      220     0.000103224    
7      222     9.93906e-005    
8      221     7.20981e-005    
9      218     8.80907e-005    
10      216     6.96356e-005    
11      218     8.58963e-005    
12      212     0.000108183    
13      217     0.000117217    
14      218     6.82114e-005    
15      221     9.13829e-005    
16      217     0.00010075    
17      217     0.00012088    
18      216     8.686e-005    
19      214     0.000133368    
20      214     7.53733e-005    
21      218     0.000153285    
22      212     0.000115237    
23      214     7.77543e-005    
24      216     9.18446e-005    
25      218     8.90956e-005    
26      209     8.31046e-005    
27      219     0.000105202    
28      224     0.000107486    
29      228     7.87119e-005    
30      229     7.44911e-005    
31      229     0.000103574    
32      225     0.000115485    
33      225     0.000110121    
34      232     9.80088e-005    
35      240     8.63287e-005    
36      238     7.14127e-005    
37      233     8.7431e-005    
38      226     9.97961e-005    
39      232     0.000134494    
40      230     9.87997e-005    
41      237     0.000137367    
42      234     8.37759e-005    
43      234     0.000101651    
44      238     0.000120736    
45      234     9.92005e-005    
46      235     0.000104235    
47      235     8.25356e-005    
48      238     9.58284e-005    
49      235     9.09907e-005    
50      229     7.37757e-005    
51      225     9.23649e-005    
52      227     9.6742e-005    
53      219     7.67456e-005    
54      221     0.000114905    
55      224     8.35594e-005    
56      224     0.000118261    
57      219     8.62798e-005    
58      211     9.62497e-005    
59      214     0.000108436    
60      212     8.8886e-005    
61      209     7.42398e-005    
62      210     8.35188e-005    
63      209     7.61531e-005    
64      209     9.07492e-005    
65      208     0.000135226    
66      202     0.000107751    
67      211     8.05939e-005    
68      216     7.02931e-005    
69      219     7.52779e-005    
70      224     0.000167805    
71      230     0.000123095    
72      235     0.00013794    
73      236     8.37337e-005    
74      223     5.52831e-005    
75      221     0.000113295    
76      221     6.95283e-005    
77      219     0.000109735    
78      227     0.000116617    
79      233     7.81039e-005    
80      227     7.58098e-005    
81      230     7.60233e-005    
82      233     0.000102241    
83      237     8.38236e-005    
84      245     8.55429e-005    
85      242     5.24255e-005    
86      237     0.000139569    
87      239     8.58552e-005    
88      233     9.2821e-005    
89      238     8.81577e-005    
90      242     0.000113394    
91      238     0.000106902    
92      236     9.02019e-005    
93      239     9.28752e-005    
94      235     7.34545e-005    
95      232     0.000120067    
96      222     9.97936e-005    
97      225     7.78249e-005    
98      226     0.000103204    
99      227     8.21903e-005    
100      227     0.000130847    
101      228     0.000133569    
102      235     8.27221e-005    
103      233     7.0723e-005    
104      230     8.11672e-005    
105      232     0.000128868    
106      225     9.30882e-005    
107      224     0.000119269    
108      229     0.00011035    
109      229     0.000113123    
110      233     0.00010269    
111      238     6.40825e-005    
112      238     9.62602e-005    
113      244     9.83966e-005    
114      237     5.78842e-005    
115      245     8.40336e-005    
116      238     0.000132496    
117      242     0.000113792    
118      242     9.73992e-005    
119      236     0.000120557    
120      237     8.52747e-005    
121      243     7.906e-005    
122      244     9.97955e-005    
123      241     0.000107281    
124      239     0.000101648    
125      236     0.000110012    
126      230     8.9522e-005    
127      231     0.000137946    
128      239     6.55448e-005    
129      239     0.000110637    
130      234     0.000109862    
131      237     0.000100317    
132      239     8.91337e-005    
133      239     7.63323e-005    
134      239     0.0001172    
135      240     8.6564e-005    
136      234     0.000112579    
137      236     8.80335e-005    
138      236     7.08281e-005    
139      234     8.99096e-005    
140      240     9.06891e-005    
141      229     0.000112057    
142      237     0.00010592    
143      238     0.000112243    
144      225     8.86643e-005    
145      216     0.00013756    
146      223     0.000109724    
147      218     0.000124012    
148      214     7.38299e-005    
149      207     8.35289e-005    
150      206     8.32866e-005    
151      210     8.16422e-005    
152      208     0.000105999    
153      212     8.93753e-005    
154      212     9.99971e-005    
155      215     0.000104949    
156      214     0.000119279    
157      223     8.30119e-005    
158      223     8.20327e-005    
159      218     6.98838e-005    
160      221     0.000112001    
161      223     0.000157609    
162      221     7.92166e-005    
163      213     8.2134e-005    
164      213     0.000135829    
165      221     0.000121965    
166      225     0.00013687    
167      223     9.64577e-005    
168      222     8.91323e-005    
169      213     9.30115e-005    
170      218     0.000100143    
171      220     7.60763e-005    
172      222     9.50108e-005    
173      219     7.21264e-005    
174      214     9.38323e-005    
175      214     8.15193e-005    
176      217     8.95948e-005    
177      215     0.000112251    
178      217     9.79081e-005    
179      223     0.000148292    
180      222     7.12178e-005    
181      226     0.000106425    
182      223     0.000116913    
183      228     9.51284e-005    
184      208     7.79399e-005    
185      209     7.86337e-005    
186      210     8.18237e-005    
187      212     0.000123145    
188      215     7.13404e-005    
189      214     9.53329e-005    
190      219     7.28506e-005    
191      214     8.82027e-005    
192      219     9.74301e-005    
193      222     5.25641e-005    
194      215     7.83189e-005    
195      215     8.48555e-005    
196      213     9.04165e-005    
197      210     0.000129467    
198      208     9.96342e-005    
199      216     9.51867e-005    
200      228     0.000127155    
201      222     8.51254e-005    
202      228     0.000115573    
203      228     8.5537e-005    
204      231     8.60576e-005    
205      229     8.74479e-005    
206      223     5.26947e-005    
207      219     0.000100544    
208      223     9.02511e-005    
209      226     0.000161947    
210      226     0.000106775    
211      225     0.000114152    
212      224     0.000118471    
213      230     0.000113609    
214      224     8.77675e-005    
215      219     0.000109139    
216      217     8.87485e-005    
217      213     0.000117381    
218      211     8.7783e-005    
219      218     0.000117164    
220      217     8.71813e-005    
221      216     0.000115544    
222      217     0.000138302    
223      230     9.86035e-005    
224      229     6.58322e-005    
225      224     7.74704e-005    
226      221     0.000108943    
227      224     9.13758e-005    
228      226     0.000109956    
229      223     0.000113144    
230      224     5.90049e-005    
231      224     0.000141777    
232      223     7.32429e-005    
233      229     0.000109686    
234      225     9.7651e-005    
235      223     0.000136858    
236      223     7.30389e-005    
237      217     7.74628e-005    
238      222     0.000119792    
239      217     8.36478e-005    
240      221     7.22951e-005    
241      218     0.000132402    
242      225     0.000171384    
243      225     7.85761e-005    
244      223     0.000110316    
245      225     0.000106851    
246      229     8.62311e-005    
247      229     0.000123964    
248      225     0.000122716    
249      227     0.000130473    
250      224     8.17758e-005    
251      219     0.000137503    
252      218     0.000121266    
253      215     0.000107786    
254      225     9.74834e-005    
255      223     9.12612e-005    
256      234     9.0564e-005    
257      236     9.75087e-005    
258      245     9.70365e-005    
259      243     0.000110771    
260      239     7.19852e-005    
261      236     0.000113062    
262      236     0.000109466    
263      241     7.04615e-005    
264      242     0.000100027    
265      251     0.000116268    
266      258     6.39873e-005    
267      262     7.74841e-005    
268      257     8.01981e-005    
269      251     9.62026e-005    
270      243     9.655e-005    
271      241     7.7104e-005    
272      229     5.81841e-005    
273      228     5.43114e-005    
274      227     0.0001414    
275      225     7.60024e-005    
276      224     6.50154e-005    
277      219     9.9921e-005    
278      216     0.000107897    
279      213     7.82689e-005    
280      217     9.53041e-005    
281      213     7.45453e-005    
282      210     0.000112839    
283      222     0.000112841    
284      226     7.74135e-005    
285      225     0.000108953    
286      226     8.22062e-005    
287      229     7.6716e-005    
288      232     8.26549e-005    
289      235     8.77339e-005    
290      239     0.000117241    
291      240     0.000157329    
292      244     7.06981e-005    
293      251     0.000115459    
294      252     0.000161233    
295      253     0.0001358    
296      249     9.52906e-005    
297      238     8.58459e-005    
298      240     0.00011949    
299      244     8.07547e-005    
