0      225     0.0001    
1      243     0.000174222    
2      231     4.19466e-005    
3      180     5.66672e-005    
4      183     6.40473e-005    
5      185     6.87554e-005    
6      387     0.000320542    
7      443     0.000199982    
8      683     0.000487557    
9      649     0.000104949    
10      487     5.83898e-005    
11      355     5.83032e-005    
12      260     3.86983e-005    
13      217     5.18687e-005    
14      160     4.22156e-005    
15      126     6.81332e-005    
16      141     4.48259e-005    
17      157     8.33958e-005    
18      213     0.000118912    
19      228     6.45918e-005    
20      273     0.000238655    
21      299     0.000164502    
22      258     9.27896e-005    
23      211     5.23506e-005    
24      173     1.73822e-005    
25      170     0.000140316    
26      249     0.000114031    
27      207     3.48879e-005    
28      184     7.24831e-005    
29      172     0.000158637    
30      286     7.2809e-005    
31      229     3.49725e-005    
32      173     5.13949e-005    
33      195     0.000115622    
34      185     8.63668e-005    
35      167     3.69098e-005    
36      150     8.11994e-005    
37      128     3.19976e-005    
38      124     4.05791e-005    
39      116     6.36605e-005    
40      174     0.000202414    
41      194     2.59241e-005    
42      181     5.82622e-005    
43      243     0.000133995    
44      298     0.00020221    
45      326     0.000136665    
46      317     0.000142048    
47      286     9.89771e-005    
48      300     0.000175968    
49      271     0.000135288    
50      254     0.000134043    
51      231     4.13569e-005    
52      166     3.69841e-005    
53      176     0.000118582    
54      238     0.000124614    
55      240     0.000140656    
56      292     0.000154592    
57      302     0.000135854    
58      306     6.62661e-005    
59      227     3.7069e-005    
60      186     1.96462e-005    
61      135     8.7762e-005    
62      154     5.51111e-005    
63      152     0.000127332    
64      145     3.63657e-005    
65      116     2.11994e-005    
66      96     1.70369e-005    
67      82     1.97523e-005    
68      83     8.23769e-005    
69      170     0.000305134    
70      336     0.000135237    
71      383     0.000221215    
72      344     0.000181333    
73      481     0.000269002    
74      424     0.000235767    
75      385     0.000122171    
76      349     7.24678e-005    
77      263     5.53099e-005    
78      224     0.000134849    
79      178     3.92561e-005    
80      165     0.000106657    
81      159     4.68929e-005    
82      155     6.06311e-005    
83      156     8.26571e-005    
84      180     7.03964e-005    
85      196     5.78235e-005    
86      165     4.57709e-005    
87      135     2.24369e-005    
88      104     3.61233e-005    
89      70     1.89534e-005    
90      72     2.51786e-005    
91      120     6.64583e-005    
92      134     7.6379e-005    
93      202     0.000160894    
94      245     0.000201142    
95      275     9.61839e-005    
96      206     3.22399e-005    
97      164     3.56958e-005    
98      154     3.81944e-005    
99      131     5.2419e-005    
100      134     6.02415e-005    
101      133     2.08803e-005    
102      120     3.02027e-005    
103      111     3.15523e-005    
104      99     3.47629e-005    
105      105     8.02912e-005    
106      132     7.73241e-005    
107      131     4.70103e-005    
108      164     5.49455e-005    
109      184     9.87468e-005    
110      210     0.000136677    
111      374     0.000122395    
112      270     5.88197e-005    
113      223     5.4615e-005    
114      179     6.56257e-005    
115      235     6.33041e-005    
116      246     0.000145584    
117      243     9.72105e-005    
118      408     0.000286448    
119      580     0.000198084    
120      471     8.76384e-005    
121      402     0.000166314    
122      359     0.000127007    
123      342     0.000157435    
124      290     0.0002657    
125      386     0.00034416    
126      421     8.43158e-005    
127      338     7.72848e-005    
128      251     7.00617e-005    
129      212     5.19771e-005    
130      222     0.000103567    
131      223     7.06332e-005    
132      202     8.63944e-005    
133      171     1.6852e-005    
134      117     5.10533e-005    
135      122     6.47025e-005    
136      167     6.92202e-005    
137      249     0.000219856    
138      228     9.68055e-005    
139      219     0.000171673    
140      244     0.000127068    
141      195     0.000113651    
142      274     0.000200751    
143      299     0.000120738    
144      263     9.43729e-005    
145      194     8.37515e-005    
146      199     9.69194e-005    
147      215     0.000128946    
148      203     3.76711e-005    
149      185     8.83615e-005    
150      177     6.77971e-005    
151      161     3.56569e-005    
152      120     2.20113e-005    
153      107     2.67388e-005    
154      132     0.000140423    
155      207     3.03338e-005    
156      192     7.63723e-005    
157      213     4.135e-005    
158      167     0.000105675    
159      179     5.46565e-005    
160      163     5.9075e-005    
161      159     5.54521e-005    
162      152     5.82553e-005    
163      147     4.16333e-005    
164      108     2.57054e-005    
165      95     2.60875e-005    
166      82     1.96415e-005    
167      83     3.03392e-005    
168      88     4.40733e-005    
169      68     2.54777e-005    
170      314     0.000358355    
171      423     0.000326348    
172      485     0.000286706    
173      508     8.25247e-005    
174      400     0.000146599    
175      381     0.000220638    
176      415     0.000192642    
177      397     8.33382e-005    
178      307     0.000140131    
179      376     0.000234441    
180      345     8.28967e-005    
181      376     0.000114347    
182      375     0.000281476    
183      383     0.000129796    
184      311     0.000102375    
185      255     0.00010359    
186      246     0.000108044    
187      246     0.000158059    
188      294     0.000222966    
189      476     0.000240039    
190      519     0.000193172    
191      397     6.34237e-005    
192      249     3.66509e-005    
193      178     2.54134e-005    
194      153     2.57234e-005    
195      117     1.88156e-005    
196      93     4.58539e-005    
197      109     9.30822e-005    
198      152     8.45964e-005    
199      242     7.86926e-005    
200      203     1.94271e-005    
201      150     4.55884e-005    
202      188     6.58528e-005    
203      191     8.48455e-005    
204      233     0.00011752    
205      193     8.83425e-005    
206      331     0.00032186    
207      363     8.7909e-005    
208      346     0.000100169    
209      282     6.73011e-005    
210      305     0.000127269    
211      235     5.17641e-005    
212      186     0.000127301    
213      211     0.000102612    
214      157     1.28013e-005    
215      118     7.46466e-005    
216      168     0.000145282    
217      141     5.45963e-005    
218      165     9.38554e-005    
219      189     7.40292e-005    
220      219     0.000116169    
221      208     4.94163e-005    
222      194     5.93033e-005    
223      199     6.37969e-005    
224      302     0.000183819    
225      282     0.000142416    
226      339     9.62947e-005    
227      264     2.03772e-005    
228      185     3.64187e-005    
229      164     0.000112204    
230      378     0.000455727    
231      458     0.000151598    
232      426     0.000331469    
233      397     9.57329e-005    
234      322     5.51705e-005    
235      229     2.32649e-005    
236      248     0.000170087    
237      271     0.000283824    
238      421     0.000396826    
239      502     0.000126133    
240      365     5.55819e-005    
241      248     5.74331e-005    
242      180     9.0711e-005    
243      190     8.42982e-005    
244      160     1.7051e-005    
245      197     0.00010589    
246      152     5.33609e-005    
247      128     2.88157e-005    
248      196     0.000211285    
249      442     0.000122636    
250      353     6.18163e-005    
251      298     8.18867e-005    
252      301     0.000180317    
253      497     0.000554498    
254      559     0.00015962    
255      414     4.11364e-005    
256      309     5.15969e-005    
257      235     2.11698e-005    
258      162     3.99086e-005    
259      138     4.41416e-005    
260      118     5.68867e-005    
261      122     2.58026e-005    
262      110     2.57768e-005    
263      85     7.06721e-005    
264      91     2.93619e-005    
265      91     4.98768e-005    
266      112     8.83557e-005    
267      164     0.000131122    
268      253     0.000287013    
269      504     0.000239723    
270      499     0.000386161    
271      417     2.1421e-005    
272      294     4.08104e-005    
273      219     5.68878e-005    
274      177     3.96237e-005    
275      145     6.89334e-005    
276      161     0.00014562    
277      195     7.953e-005    
278      153     3.1791e-005    
279      156     6.56651e-005    
280      134     3.53753e-005    
281      115     7.31729e-005    
282      152     0.00011152    
283      188     0.000145993    
284      236     0.000118461    
285      192     5.18089e-005    
286      227     0.000147625    
287      291     7.28218e-005    
288      365     0.000261216    
289      337     0.000280171    
290      295     7.6523e-005    
291      267     0.000134168    
292      221     2.82191e-005    
293      187     2.99743e-005    
294      184     0.000103839    
295      199     6.80438e-005    
296      190     9.70931e-005    
297      276     0.000285566    
298      242     3.17685e-005    
299      161     3.3405e-005    
